x              =     -0.500000
aSin(x)        =     -0.523599
Fortran aSin(x)=     -0.523599
Error          =      0.000000

